0.0		  0.0			0.0		0.0	

836.9   836.9   100.0 0.0

1926.3  1089.4  100.0 836.9

2146.0  1309.1  100.0 836.9

2271.2  1434.4  20.8  836.9
2271.2  2271.2  100.0 0.0

2414.1  1577.5  100.0 836.9

2603.1  458.0   14.6  2146.0
2603.1  677.7   100   1926.3
2603.1  1766.8  3.6   836.9

2614.1  1777.2  100.0 836.9

2649.8  503.8   100.0 2146.0
2649.8  723.7   27.0  1926.3
2649.8  1812.8  89.0  836.9

2703.9  558.0   5.8   2146.0
2703.9  1866.9  100.0 836.9

2739.2  812.9   100.0 1926.3
2739.2  1902.2  8.5   836.9

2788.1  374.0   100.0 2414.1

2851.3  925.0   60.0  1926.3
2851.3  2014.0  100.0 836.9

2856.9  117.7   14.0  2739.2
2856.9  207.1   29.0  2649.8
2856.9  253.0   95.0  2603.9
2856.9  710.8   100.0 2146.0

2921.8  2084.7  100.0 836.9
2921.8  2921.8  24.4  0.0

2929.8  783.8   27.4  2146.0
2929.8  2093.0  100.0 836.9

2965.0  2128.1  100.0 836.9

2972.1  826.1   100.0 2146.0
2972.1  1045.7  82.0  1926.3

2981.1  2144.2  100.0 836.9

3047.4  633.7   7.5   2414.1
3047.4  1120.8  10.5  1926.3
3047.4  2209.9  100.0 836.9

3077.7  806.5   22.0   2271.2
3077.7  931.6   250.0  2146.0
3077.7  1151.7  100.0  1926.3
3077.7  3077.7  41.0   0.0

3155.3  183.5 15.6  2972.1
3155.3  299.2 100.0 2856.9
3155.3 1009.7 67.0  2146.0