0.0		    0.0			0.0		0.0	

352.02		352.01	100		0.0

556.08		204.1		100		352.02

680.70		124.6 	1.6		556.08
680.70		328.7	  63		352.02
680.70		680.7	  100		0.0

1003.70   651.6   28    352.02
1003.70   1003.7  100   0.0

1012.25   331.6   38    680.7
1012.25   660.2  100    352.02
1012.25   1012.2  3.6   0.0

1121.01   440.3   27    680.7
1121.01   565.0   41    556.08
1121.01   769.0   100   352.02

1238.80   682.54  100   556.08
1238.80   886.7   10    352.02
   
1247.24   1247.2  100   0.0
   
1259.66   256.0    2.9  1003.70
1259.66   578.9    80   680.70
1259.66   703.5    11.6 556.08
1259.66   907.6    39   352.02
1259.66   259.7    100  0.0
   
1439.30    427.2   6.8  1012.25
1439.30    435.5   10.8 1003.70
1439.30    758.9   1.6  680.70
1439.30    1087.3  6.8  352.02
1439.30    1439.2  100  0.0
   
1665.74    427.1   100  1238.80
1665.74    1109.5  8.9  556.08
