0.0		0.0			0.0		0.0	

814.93		814.93		100		0.0

1229.28		414.35		100		814.93

1464.6		235.1			60		1229.28
1464.6		650.5			100		814.93

1506.84		692.0			100		814.93
1506.84		1506.84 		54		0

1628.19		398.9			5.3		1229.28
1628.19		813.2			100		814.93
1628.19		1628.2			12.2		0.0

1792.77		977.8			100		814.93

1852.14		345.4			2.5		1506.84
1852.14		1037.3			100		814.93

1975.73		347.3			25		1628.19
1975.73		469.0			100		1506.84
1975.73		1160.6		55		814.93

1994.98		366.8			2.6		1628.19
1994.98		765.9			5.0		1229.28
1994.98		1180.0		100		814.93
1994.98		1994.8		10.5	0.0

2083.98		577.3			15.6	1506.84	
2083.98		854.5			51		1229.28	
2083.98		1269.0		27		814.93
2083.98		2083.98		100		0.0

2113.41		320.6			15.3	1792.77
2113.41		485.2			55		1628.19
2113.41		606.6			90		1506.84
2113.41		1298.5		100		814.93

2120.07		328.1			10		1792.77
2120.07		1305.1		100		814.93

2150.84		644.0 		40		1506.84
2150.84		1335.9		100		814.93

2217.26		987.9			8.3		1229.28
2217.26		1402.4		100		814.93

2269.54		1454.6		100		814.93

2307.54		455.5			32		1852.14
2307.54		1492.6		52		814.93
2307.54		2307.1		100		0.0

2407.41		555.4			100		1852.14
2407.41		1592.4		70		814.93

2412.00		1596.9		11		814.93
2412.00		2412.0		100		0.0

2443.65		936.8			100		1506.84

2466.6		491.0			71		1975.72
2466.6		673.8			100		1792.77

2481.0		361.0			100		2120.07
2481.0		688.2			75		1792.77

2493.05		1678.1		100		814.93

2525.53		673.3			48		1852.14
2525.53		732.8			100		1792.77

2529.3		677.2			25		1852.14
2529.3		1714.3		100		814.93

2576.25		1761.3		100		814.93

2703.73		1075.9		29		1628.19
2703.73		1196.6		39		1506.84
2703.73		1888.9		100		814.93

2719.70		867.8			43		1852.14
2719.70		1904.5		100		814.93

2785.8		810.0			50		1975.73
2785.8		992.9			100		1792.77

2880.5		2065.5		100		814.93

2899.4		779.5			50		2120.07
2899.4		1106.6		100		1792.77

3009.8		1217.0		100		1792.77

3064.80		1212.5		37		1852.14
3064.80		2250.0		100		814.93

3126.0		659.3			100		2466.6

3195.76		2380.8		100		814.93

3238.9		339.5			100		2899.4
3238.9		757.8			94		2481.0		

3244.9		2429.9		100		814.93

3328.9		542.8			100		2785.8
3328.9		862.3			19		2466.6

3446.3		2631.3		100		814.93

3524.5		195.7			19		3328.9
3524.5		398.4			100		3126.0

3604.7		1138.0		100		2466.6
3604.7		1812.0		38		1792.77

3755.4		2940.1		67		814.93
3755.4		3756.1		100		0.0

3851.3		246.6			100		3604.7

3887.0		761.0			100		3126.0

4048.7		2196.5		100		1852.14

4131.1		279.8			100		3851.3

4133.2		804.3			100		3328.9

4322.6		3507.6		100		814.93

4330.4		805.9			100		3524.5

4443.1		312.0			100		4131.1

4725.5		838.5			100		3887.0

4785.1		342.0			100		4443.1

4799.4		3984.4		100		814.93

5049.4		4234.4		100		814.93

5090.9		4275.9		100		814.93

5132.8		3903.4		100		1229.28

5158.7		3365.4		82		1792.77
5158.7		4344.2		100		814.93

5168.5		3375.2		66		1792.77
5168.5		4355.0		100		814.93
5168.5		5168.5		29		0.0

5349.3		3842.4		100		1506.84

5597.5		872.0			100		4725.5

6519.5		922.0			100 	5597.5

7526.5		1007.0		100	 6519.5